0.62 0.46 0.38 0.54 0.50 0.39 0.54 0.55 0.62 0.50 0.62 0.64 0.66 0.45 0.74 0.74 0.68
0.85 0.54 0.62 0.69 0.77 0.57 0.65 0.61 0.56 0.46 0.56 0.55 0.47 0.59 0.53 0.52 0.53
0.62 0.42 0.38 0.54 0.59 0.52 0.62 0.52 0.58 0.54 0.48 0.47 0.53 0.36 0.67 0.52 0.49
0.62 0.38 0.42 0.81 0.50 0.57 0.35 0.58 0.42 0.48 0.44 0.53 0.51 0.45 0.66 0.45 0.44
0.88 0.38 0.50 0.81 0.95 0.65 0.62 0.65 0.56 0.54 0.54 0.58 0.62 0.48 0.76 0.57 0.49
0.85 0.42 0.62 0.35 0.68 0.57 0.46 0.42 0.46 0.40 0.50 0.53 0.51 0.48 0.52 0.55 0.46
0.85 0.50 0.62 0.42 0.68 0.52 0.54 0.42 0.02 0.42 0.40 0.53 0.49 0.46 0.53 0.55 0.46
0.88 0.46 0.27 0.85 0.95 0.48 0.77 0.61 0.66 0.58 0.65 0.68 0.74 0.54 0.88 0.57 0.66
0.62 0.08 0.38 0.58 0.00 0.04 0.08 0.06 0.10 0.16 0.02 0.00 0.38 0.00 0.03 0.00 0.00
0.62 0.42 0.38 0.54 0.59 0.52 0.62 0.52 0.58 0.54 0.48 0.47 0.53 0.36 0.67 0.52 0.49
0.62 0.42 0.35 0.54 0.64 0.35 0.62 0.58 0.54 0.48 0.60 0.62 0.62 0.54 0.69 0.60 0.64
0.62 0.50 0.35 0.58 0.50 0.48 0.42 0.55 0.60 0.50 0.40 0.45 0.60 0.43 0.50 0.48 0.02
0.88 0.50 0.62 0.85 0.95 0.70 0.81 0.68 0.64 0.64 0.63 0.55 0.75 0.55 0.81 0.67 0.64
0.88 0.31 0.46 0.85 0.73 0.52 0.46 0.48 0.34 0.42 0.37 0.32 0.55 0.30 0.72 0.41 0.22
0.88 0.42 0.38 0.46 0.68 0.52 0.62 0.55 0.38 0.40 0.35 0.53 0.49 0.50 0.52 0.55 0.47
0.62 0.50 0.42 0.85 0.55 0.48 0.62 0.52 0.54 0.58 0.48 0.40 0.58 0.48 0.62 0.48 0.53
0.85 0.58 0.62 0.69 0.91 0.61 0.73 0.61 0.58 0.50 0.58 0.58 0.49 0.59 0.76 0.52 0.54
0.62 0.42 0.38 0.54 0.59 0.52 0.62 0.52 0.58 0.54 0.48 0.47 0.53 0.36 0.67 0.52 0.49
0.88 0.46 0.54 0.85 0.82 0.70 0.77 0.68 0.64 0.66 0.56 0.53 0.74 0.54 0.69 0.60 0.64
0.88 0.38 0.50 0.88 0.95 0.61 0.77 0.68 0.62 0.66 0.67 0.42 0.77 0.59 0.90 0.62 0.64
0.62 0.42 0.35 0.54 0.59 0.52 0.58 0.48 0.56 0.52 0.54 0.55 0.58 0.46 0.69 0.57 0.53
0.27 0.50 0.38 0.54 0.36 0.48 0.54 0.52 0.52 0.52 0.58 0.47 0.60 0.50 0.69 0.53 0.56
0.88 0.46 0.54 0.85 0.82 0.70 0.77 0.68 0.64 0.66 0.56 0.53 0.74 0.54 0.69 0.60 0.64
0.62 0.50 0.42 0.85 0.45 0.43 0.46 0.42 0.54 0.58 0.46 0.38 0.60 0.43 0.62 0.48 0.53
0.62 0.38 0.42 0.81 0.50 0.57 0.35 0.58 0.42 0.48 0.44 0.53 0.51 0.45 0.66 0.45 0.44
0.62 0.58 0.54 0.88 0.82 0.61 0.58 0.65 0.64 0.56 0.50 0.49 0.62 0.52 0.74 0.50 0.53
0.62 0.42 0.38 0.54 0.41 0.52 0.54 0.45 0.56 0.54 0.44 0.47 0.53 0.32 0.60 0.48 0.49
0.88 0.38 0.50 0.81 0.91 0.65 0.62 0.65 0.56 0.54 0.54 0.60 0.62 0.48 0.76 0.57 0.49
0.85 0.54 0.62 0.69 0.77 0.57 0.65 0.61 0.56 0.46 0.56 0.55 0.47 0.59 0.53 0.52 0.53
0.73 0.42 0.38 0.54 0.95 0.61 0.69 0.52 0.60 0.56 0.48 0.49 0.62 0.38 0.76 0.60 0.54
0.62 0.42 0.38 0.54 0.41 0.52 0.54 0.45 0.56 0.54 0.44 0.47 0.53 0.32 0.60 0.48 0.49
0.62 0.42 0.38 0.54 0.55 0.52 0.62 0.52 0.58 0.54 0.48 0.47 0.53 0.38 0.67 0.50 0.49
0.88 0.46 0.54 0.85 0.86 0.70 0.81 0.68 0.64 0.66 0.58 0.53 0.75 0.54 0.69 0.60 0.64
0.88 0.46 0.54 0.85 0.82 0.70 0.77 0.68 0.64 0.66 0.56 0.53 0.74 0.54 0.69 0.60 0.64
0.88 0.54 0.50 0.81 0.95 0.65 0.65 0.65 0.54 0.50 0.52 0.62 0.66 0.36 0.78 0.57 0.20
0.88 0.54 0.50 0.81 0.95 0.65 0.65 0.65 0.54 0.50 0.52 0.62 0.66 0.36 0.78 0.57 0.20
0.88 0.54 0.31 0.88 0.95 0.04 0.77 0.03 0.42 0.18 0.38 0.11 0.57 0.02 0.60 0.29 0.24
